{
  "contract_type": 0.12147715839517856,
  "charges_per_tenure": 0.11021286225075229,
  "monthly_charges": 0.09422456292249715,
  "tenure": 0.09198202650636154,
  "value_score": 0.0894917681616901,
  "total_charges": 0.08934658817311429,
  "num_products": 0.04906732877050563,
  "payment_method": 0.03668447200929211,
  "internet_service": 0.03072570226832858,
  "device_protection": 0.029076107157247004,
  "online_backup": 0.02800609295482315,
  "online_security": 0.02799197270482183,
  "streaming_tv": 0.027337918285402746,
  "streaming_movies": 0.026625363757745348,
  "tech_support": 0.025990877161983537,
  "multiple_lines": 0.022583525510462943,
  "paperless_billing": 0.019454727024486557,
  "partner": 0.018935022817576922,
  "dependents": 0.018443834664271633,
  "gender": 0.018404088326868892,
  "senior_citizen": 0.01311926753104152,
  "phone_service": 0.010818732645547642
}